#  Simulation  Temperature    Fraction     Fraction     Fraction
#   time [s]       [K]         Liquid      Phase 1      Phase 2
  0.00000        349.90000   0.91842216   0.05715256   0.02442528
  5.00000        349.85000   0.91805167   0.05752511   0.02442322
  10.0000        349.80000   0.90059628   0.06948245   0.02992127
  15.0000        349.75000   0.87512513   0.08676599   0.03810888
  20.0000        349.70000   0.84689681   0.10583298   0.04727021
  25.0000        349.65000   0.81635394   0.12631682   0.05732925
  30.0000        349.60000   0.78306037   0.14844482   0.06849481
  35.0000        349.55000   0.75295793   0.16850488   0.07853720
  40.0000        349.50000   0.72268731   0.18866127   0.08865142
  45.0000        349.45000   0.69235483   0.20888456   0.09876061
  50.0000        349.41500   0.67057047   0.22311537   0.10631416
  55.0000        349.42500   0.67606707   0.21821326   0.10571968
  60.0000        349.42000   0.67289461   0.21939421   0.10771119
  65.0000        349.43000   0.67853571   0.21443793   0.10702636
  70.0000        349.42500   0.67547884   0.21574895   0.10877221
  75.0000        349.42000   0.67258609   0.21730100   0.11011291
  80.0000        349.41500   0.66909495   0.21984454   0.11106051
  85.0000        349.42500   0.67524069   0.21687211   0.10788719
  90.0000        349.42000   0.67214174   0.21904313   0.10881513
  95.0000        349.41500   0.66876266   0.22105103   0.11018631
  100.000        349.42500   0.67500662   0.21653843   0.10845495
  120.000        349.42000   0.67200179   0.21879050   0.10920771
  140.000        349.41500   0.66869148   0.22095690   0.11035163
  160.000        349.42500   0.67476934   0.21711738   0.10811328
  180.000        349.42000   0.67176578   0.21903026   0.10920396
  200.000        349.41500   0.66845606   0.22128143   0.11026251
  220.000        349.42500   0.67453288   0.21721664   0.10825048
  240.000        349.42000   0.67164301   0.21911264   0.10924436
  260.000        349.41500   0.66843171   0.22126205   0.11030624
  280.000        349.42500   0.67452334   0.21720156   0.10827511
  300.000        349.42000   0.67165114   0.21911740   0.10923145
  320.000        349.41500   0.66844111   0.22126348   0.11029542
  340.000        349.42500   0.67452066   0.21720480   0.10827454
  360.000        349.42000   0.67166531   0.21910957   0.10922512
  380.000        349.41500   0.66842996   0.22127239   0.11029765
  400.000        349.42500   0.67451836   0.21720597   0.10827566
