#  Simulation  Temperature    Fraction     Fraction     Fraction
#   time [s]       [K]         Liquid      Phase 1      Phase 2
  0.00000       1000.00000   0.00000000   0.33350855   0.66649145
  10.0000       1000.00000   0.00000000   0.35142700   0.64857300
  20.0000       1000.00000   0.00000000   0.36881208   0.63118792
  30.0000       1000.00000   0.00000000   0.38605078   0.61394922
  40.0000       1000.00000   0.00000000   0.40334949   0.59665051
  50.0000       1000.00000   0.00000000   0.42063375   0.57936625
  60.0000       1000.00000   0.00000000   0.43793115   0.56206885
  70.0000       1000.00000   0.00000000   0.45521392   0.54478608
  80.0000       1000.00000   0.00000000   0.47251902   0.52748098
  90.0000       1000.00000   0.00000000   0.48981491   0.51018509
  100.000       1000.00000   0.00000000   0.50713255   0.49286745
  110.000       1000.00000   0.00000000   0.52445854   0.47554146
  120.000       1000.00000   0.00000000   0.54179097   0.45820903
  130.000       1000.00000   0.00000000   0.55913362   0.44086638
  140.000       1000.00000   0.00000000   0.57648896   0.42351104
  150.000       1000.00000   0.00000000   0.59384848   0.40615152
  160.000       1000.00000   0.00000000   0.61118864   0.38881136
  170.000       1000.00000   0.00000000   0.62851327   0.37148673
  180.000       1000.00000   0.00000000   0.64582925   0.35417075
  190.000       1000.00000   0.00000000   0.66310781   0.33689219
  200.000       1000.00000   0.00000000   0.68032619   0.31967381
