#  Simulation  Temperature    Fraction     Fraction     Fraction
#   time [s]       [K]         Liquid      Phase 1      Phase 2
  0.00000        950.00000   1.00000000   0.00000000   0.00000000
 4.500000E-02    911.37298   0.99852414   0.00147586   0.00000000
 5.000000E-02    910.25508   0.98719192   0.01280808   0.00000000
 5.200000E-02    910.03238   0.98065102   0.01934898   0.00000000
 5.400000E-02    909.69637   0.97289587   0.02710413   0.00000000
 5.600000E-02    909.34446   0.96381350   0.03618650   0.00000000
 5.800000E-02    908.84852   0.95328306   0.04671694   0.00000000
 6.000000E-02    908.32130   0.94095577   0.05904423   0.00000000
 6.500000E-02    906.50684   0.89447110   0.10552890   0.00000000
 7.000000E-02    905.34232   0.81758909   0.18241091   0.00000000
 7.500000E-02    904.07288   0.74335589   0.25664411   0.00000000
 8.000000E-02    902.55652   0.68539163   0.31460837   0.00000000
 8.500000E-02    900.90739   0.63277766   0.36722234   0.00000000
 9.000000E-02    899.24714   0.57810021   0.42189979   0.00000000
 9.500000E-02    897.63665   0.53262518   0.46737482   0.00000000
 0.100000        895.94511   0.49267170   0.50732830   0.00000000
 0.110000        892.46942   0.43606740   0.56393260   0.00000000
 0.120000        889.07408   0.39511902   0.60488098   0.00000000
 0.130000        885.77073   0.36203415   0.63796585   0.00000000
 0.140000        882.46755   0.33401698   0.66598302   0.00000000
 0.150000        879.23188   0.31043248   0.68956752   0.00000000
 0.200000        864.06558   0.23230575   0.76769425   0.00000000
 0.250000        850.31350   0.18861339   0.81138661   0.00000000
 0.300000        839.46993   0.16353205   0.83646795   0.00000000
 0.350000        829.51305   0.14552011   0.85447989   0.00000000
 0.400000        819.42252   0.13055307   0.86938357   0.00006336
 0.410000        817.89282   0.11530281   0.87779140   0.00690579
 0.420000        816.32565   0.08699193   0.89228164   0.02072644
 0.430000        814.07290   0.05654992   0.90776031   0.03568978
 0.440000        811.96735   0.01595034   0.92767044   0.05637922
 0.450000        809.06942   0.00000308   0.93545779   0.06453912
 0.460000        806.64767   0.00000247   0.93545808   0.06453945
 0.470000        804.52616   0.00000210   0.93545811   0.06453980
 0.480000        802.25565   0.00000177   0.93545810   0.06454012
 0.490000        800.38042   0.00000143   0.93545810   0.06454047
 0.500000        798.69317   0.00000109   0.93545810   0.06454081
