#  Simulation  Temperature    Fraction     Fraction     Fraction
#   time [s]       [K]         Liquid      Phase 1      Phase 2
  0.00000       1505.47000   1.00000000   0.00000000   0.00000000
  1.00000       1503.08900   1.00000000   0.00000000   0.00000000
  2.00000       1500.70800   1.00000000   0.00000000   0.00000000
  3.00000       1498.32700   1.00000000   0.00000000   0.00000000
  4.00000       1495.94600   1.00000000   0.00000000   0.00000000
  5.00000       1493.56500   1.00000000   0.00000000   0.00000000
  6.00000       1491.18400   1.00000000   0.00000000   0.00000000
  7.00000       1488.80300   1.00000000   0.00000000   0.00000000
  8.00000       1486.42200   1.00000000   0.00000000   0.00000000
  9.00000       1484.04100   1.00000000   0.00000000   0.00000000
  10.0000       1481.66000   1.00000000   0.00000000   0.00000000
  11.0000       1479.27900   1.00000000   0.00000000   0.00000000
  12.0000       1476.89800   1.00000000   0.00000000   0.00000000
  13.0000       1474.51700   1.00000000   0.00000000   0.00000000
  14.0000       1472.13600   1.00000000   0.00000000   0.00000000
  15.0000       1469.75500   1.00000000   0.00000000   0.00000000
  16.0000       1467.37400   1.00000000   0.00000000   0.00000000
  17.0000       1464.99300   1.00000000   0.00000000   0.00000000
  18.0000       1462.61200   1.00000000   0.00000000   0.00000000
  19.0000       1460.23100   1.00000000   0.00000000   0.00000000
  20.0000       1457.85000   1.00000000   0.00000000   0.00000000
  21.0000       1456.48600   1.00000000   0.00000000   0.00000000
  22.0000       1455.12200   1.00000000   0.00000000   0.00000000
  23.0000       1453.75800   1.00000000   0.00000000   0.00000000
  24.0000       1452.39400   1.00000000   0.00000000   0.00000000
  25.0000       1451.03000   1.00000000   0.00000000   0.00000000
  26.0000       1449.99200   1.00000000   0.00000000   0.00000000
  27.0013       1448.95266   0.99999994   0.00000006   0.00000000
  28.0024       1447.91348   0.99999671   0.00000329   0.00000000
  29.0067       1446.87105   0.99996498   0.00003502   0.00000000
  30.0000       1445.84000   0.99982299   0.00017701   0.00000000
  31.0047       1445.29142   0.99952479   0.00047521   0.00000000
  32.0022       1444.74680   0.99906641   0.00093359   0.00000000
  33.0051       1444.19919   0.99840084   0.00159916   0.00000000
  34.0065       1443.65243   0.99750839   0.00249161   0.00000000
  35.0000       1443.11000   0.99635536   0.00364464   0.00000000
  36.0014       1442.91373   0.99494694   0.00505306   0.00000000
  37.0075       1442.71653   0.99330846   0.00669154   0.00000000
  38.0007       1442.52186   0.99148187   0.00851813   0.00000000
  39.0081       1442.32441   0.98943605   0.01056395   0.00000000
  40.0000       1442.13000   0.98726247   0.01273753   0.00000000
  41.0080       1442.13605   0.98500729   0.01499271   0.00000000
  42.0016       1442.14201   0.98281617   0.01718383   0.00000000
  43.0005       1442.14800   0.98068452   0.01931548   0.00000000
  44.0033       1442.15402   0.97865927   0.02134073   0.00000000
  45.0023       1442.16001   0.97680254   0.02319746   0.00000000
  46.0062       1442.16604   0.97510646   0.02489354   0.00000000
  47.0081       1442.17205   0.97361750   0.02638250   0.00000000
  48.0006       1442.17800   0.97222972   0.02777028   0.00000000
  49.0043       1442.18403   0.97104401   0.02895599   0.00000000
  50.0000       1442.19000   0.97002435   0.02997565   0.00000000
  51.0034       1442.11976   0.96909316   0.03090684   0.00000000
  52.0075       1442.04948   0.96824030   0.03175970   0.00000000
  53.0027       1441.97981   0.96746955   0.03253045   0.00000000
  54.0066       1441.90954   0.96675919   0.03324081   0.00000000
  55.0000       1441.84000   0.96611330   0.03388670   0.00000000
  56.0020       1441.63760   0.96542783   0.03457217   0.00000000
  57.0054       1441.43490   0.96469323   0.03530677   0.00000000
  58.0004       1441.23391   0.96393289   0.03606711   0.00000000
  59.0074       1441.03051   0.96313912   0.03686088   0.00000000
  60.0000       1440.83000   0.96233395   0.03766605   0.00000000
  61.0046       1440.50250   0.96141554   0.03858446   0.00000000
  62.0062       1440.17599   0.96039359   0.03960641   0.00000000
  63.0008       1439.85174   0.95930226   0.04069774   0.00000000
  64.0040       1439.52468   0.95813037   0.04186963   0.00000000
  65.0024       1439.19922   0.95691237   0.04308763   0.00000000
  66.0064       1438.87191   0.95563413   0.04436587   0.00000000
  67.0081       1438.54537   0.95433366   0.04566634   0.00000000
  68.0018       1438.22141   0.95050470   0.04949530   0.00000000
  69.0000       1437.89600   0.95161028   0.04838972   0.00000000
  70.0000       1437.57000   0.95022220   0.04977780   0.00000000
  71.0000       1437.23100   0.94880755   0.05119245   0.00000000
  72.0000       1436.89200   0.94737189   0.05262811   0.00000000
  73.0000       1436.55300   0.94592069   0.05407931   0.00000000
  74.0000       1436.21400   0.94445838   0.05554162   0.00000000
  75.0000       1435.87500   0.94298659   0.05701339   0.00000002
  76.0000       1435.53600   0.94150487   0.05849505   0.00000009
  77.0000       1435.19700   0.94002671   0.05997303   0.00000026
  78.0000       1434.85800   0.93533982   0.06465953   0.00000065
  79.0000       1434.51900   0.93705139   0.06294725   0.00000135
  80.0000       1434.18000   0.93555672   0.06444049   0.00000279
  81.0000       1433.88600   0.93409928   0.06589543   0.00000529
  82.0000       1433.59200   0.93268133   0.06730974   0.00000893
  83.0000       1433.29800   0.93128308   0.06870311   0.00001381
  84.0000       1433.00400   0.92989728   0.07008303   0.00001969
  85.0000       1432.71000   0.92852537   0.07144859   0.00002604
  86.0000       1432.41600   0.92716732   0.07280009   0.00003259
  87.0000       1432.12200   0.92581197   0.07414868   0.00003935
  88.0000       1431.82800   0.92445596   0.07549726   0.00004678
  89.0000       1431.53400   0.92309295   0.07685191   0.00005515
  90.0000       1431.24000   0.92172407   0.07821167   0.00006426
  91.0000       1431.00200   0.92040528   0.07952065   0.00007407
  92.0000       1430.76400   0.91912127   0.08079329   0.00008544
  93.0000       1430.52600   0.91784795   0.08205293   0.00009911
  94.0000       1430.28800   0.91657642   0.08330796   0.00011562
  95.0000       1430.05000   0.91529043   0.08457341   0.00013617
  96.0000       1429.81200   0.91398538   0.08585284   0.00016178
  97.0000       1429.57400   0.91260129   0.08720553   0.00019319
  98.0000       1429.33600   0.91119425   0.08857432   0.00023143
  99.0000       1429.09800   0.90972386   0.08999823   0.00027790
  100.000       1428.86000   0.90805729   0.09160743   0.00033529
  101.000       1428.67600   0.90638232   0.09321292   0.00040476
  102.000       1428.49200   0.90461238   0.09489948   0.00048814
  103.000       1428.30800   0.90268781   0.09672564   0.00058655
  104.000       1428.12400   0.90057207   0.09872775   0.00070018
  105.000       1427.94000   0.89826763   0.10090577   0.00082660
  106.000       1427.75600   0.89575234   0.10328151   0.00096614
  107.000       1427.57200   0.89307343   0.10581033   0.00111625
  108.000       1427.38800   0.89022742   0.10849491   0.00127767
  109.000       1427.20400   0.88725434   0.11129607   0.00144959
  110.000       1427.02000   0.88413843   0.11422702   0.00163456
  111.000       1426.89400   0.88086437   0.11729838   0.00183725
  112.000       1426.76800   0.87736290   0.12057520   0.00206190
  113.000       1426.64200   0.87359377   0.12410332   0.00230291
  114.000       1426.51600   0.86948043   0.12795308   0.00256649
  115.000       1426.39000   0.86499267   0.13215613   0.00285120
  116.000       1426.26400   0.86015992   0.13669220   0.00314788
  117.000       1426.13800   0.85509982   0.14145371   0.00344647
  118.000       1426.01200   0.84966678   0.14658166   0.00375156
  119.000       1425.88600   0.84366797   0.15226160   0.00407043
  120.000       1425.76000   0.83784799   0.15776540   0.00438661
  121.000       1425.68000   0.83238076   0.16291326   0.00470598
  122.000       1425.60000   0.82695417   0.16800613   0.00503970
  123.000       1425.52000   0.82128687   0.17331068   0.00540246
  124.000       1425.44000   0.81521855   0.17899941   0.00578204
  125.000       1425.36000   0.80876232   0.18505211   0.00618557
  126.000       1425.28000   0.80242454   0.19099459   0.00658087
  127.000       1425.20000   0.79595123   0.19707297   0.00697580
  128.000       1425.12000   0.78843532   0.20418330   0.00738138
  129.000       1425.04000   0.78059037   0.21162528   0.00778434
  130.000       1424.96000   0.77338313   0.21845914   0.00815772
  131.000       1424.95150   0.76768032   0.22384398   0.00847570
  132.000       1424.94300   0.76338043   0.22787496   0.00874461
  133.000       1424.93450   0.74907842   0.24152948   0.00939210
  134.000       1424.92600   0.74588369   0.24451367   0.00960264
  135.000       1424.91750   0.74285575   0.24733774   0.00980650
  136.000       1424.90900   0.73985991   0.25013249   0.01000760
  137.000       1424.90050   0.73689800   0.25289406   0.01020795
  138.000       1424.89200   0.73392440   0.25566698   0.01040863
  139.000       1424.88350   0.73092860   0.25846181   0.01060959
  140.000       1424.87500   0.72793488   0.26125311   0.01081202
  141.000       1424.86650   0.72491142   0.26407273   0.01101584
  142.000       1424.85800   0.72187499   0.26690346   0.01122155
  143.000       1424.84950   0.71880898   0.26976204   0.01142898
  144.000       1424.84100   0.71570399   0.27265722   0.01163878
  145.000       1424.83250   0.71255965   0.27558982   0.01185053
  146.000       1424.82400   0.70941924   0.27851785   0.01206292
  147.000       1424.81550   0.70624141   0.28148132   0.01227727
  148.000       1424.80700   0.70302796   0.28447738   0.01249466
  149.000       1424.79850   0.69979397   0.28749222   0.01271381
  150.000       1424.79000   0.69652052   0.29054465   0.01293484
  151.000       1424.80300   0.69327857   0.29356452   0.01315692
  152.000       1424.81600   0.69002926   0.29658810   0.01338264
  153.000       1424.82900   0.68676962   0.29962280   0.01360758
  154.000       1424.84200   0.68346778   0.30269508   0.01383714
  155.000       1424.85500   0.68013765   0.30579236   0.01406999
  156.000       1424.86800   0.67675327   0.30894406   0.01430268
  157.000       1424.88100   0.67338114   0.31208277   0.01453609
  158.000       1424.89400   0.67000403   0.31522627   0.01476970
  159.000       1424.90700   0.66659051   0.31840221   0.01500728
  160.000       1424.92000   0.66313174   0.32162057   0.01524769
  161.000       1424.93300   0.65965722   0.32485556   0.01548722
  162.000       1424.94600   0.65617900   0.32809222   0.01572877
  163.000       1424.95900   0.65266172   0.33136534   0.01597294
  164.000       1424.97200   0.64913257   0.33465001   0.01621742
  165.000       1424.98500   0.64557494   0.33796096   0.01646410
  166.000       1424.99800   0.64197798   0.34130860   0.01671342
  167.000       1425.01100   0.63837917   0.34465802   0.01696281
  168.000       1425.02400   0.63476096   0.34802576   0.01721327
  169.000       1425.03700   0.63111089   0.35142206   0.01746704
  170.000       1425.05000   0.62744355   0.35483522   0.01772123
  171.000       1425.06300   0.62373892   0.35828266   0.01797842
  172.000       1425.07600   0.62002324   0.36173828   0.01823847
  173.000       1425.08900   0.61628213   0.36522142   0.01849646
  174.000       1425.10200   0.61253030   0.36871474   0.01875496
  175.000       1425.11500   0.60875377   0.37222917   0.01901706
  176.000       1425.12800   0.60496989   0.37575021   0.01927990
  177.000       1425.14100   0.60115204   0.37930451   0.01954344
  178.000       1425.15400   0.59732441   0.38286742   0.01980818
  179.000       1425.16700   0.59349184   0.38643299   0.02007517
  180.000       1425.18000   0.58959872   0.39005627   0.02034501
  181.000       1425.19300   0.58570961   0.39367383   0.02061656
  182.000       1425.20600   0.58180065   0.39731236   0.02088699
  183.000       1425.21900   0.57787584   0.40096546   0.02115870
  184.000       1425.23200   0.57393237   0.40463191   0.02143572
  185.000       1425.24500   0.56992929   0.40835794   0.02171277
  186.000       1425.25800   0.56593531   0.41207620   0.02198849
  187.000       1425.27100   0.56193704   0.41579621   0.02226675
  188.000       1425.28400   0.55792345   0.41953139   0.02254516
  189.000       1425.29700   0.55388452   0.42328925   0.02282624
  190.000       1425.31000   0.54980853   0.42708337   0.02310811
  191.000       1425.32300   0.54573836   0.43087133   0.02339031
  192.000       1425.33600   0.54166214   0.43466329   0.02367457
  193.000       1425.34900   0.53755501   0.43848563   0.02395936
  194.000       1425.36200   0.53346040   0.44229447   0.02424512
  195.000       1425.37500   0.52932126   0.44614680   0.02453194
  196.000       1425.38800   0.52518995   0.44999234   0.02481771
  197.000       1425.40100   0.52106108   0.45383418   0.02510474
  198.000       1425.41400   0.51691575   0.45769147   0.02539278
  199.000       1425.42700   0.51275744   0.46156008   0.02568248
  200.000       1425.44000   0.50858737   0.46544036   0.02597227
  201.000       1425.42290   0.50431968   0.46941769   0.02626263
  202.000       1425.40580   0.50004302   0.47340302   0.02655396
  203.000       1425.38870   0.49575437   0.47739879   0.02684684
  204.000       1425.37160   0.49144732   0.48141229   0.02714039
  205.000       1425.35450   0.48710955   0.48545394   0.02743651
  206.000       1425.33740   0.48275582   0.48950929   0.02773489
  207.000       1425.32030   0.47838273   0.49358344   0.02803383
  208.000       1425.30320   0.47400521   0.49766198   0.02833281
  209.000       1425.28610   0.46961000   0.50175676   0.02863324
  210.000       1425.26900   0.46524022   0.50582660   0.02893318
  211.000       1425.25190   0.46084977   0.50991557   0.02923466
  212.000       1425.23480   0.45646146   0.51400325   0.02953530
  213.000       1425.21770   0.45205371   0.51810782   0.02983847
  214.000       1425.20060   0.44764992   0.52220671   0.03014337
  215.000       1425.18350   0.44322858   0.52632557   0.03044585
  216.000       1425.16640   0.43881646   0.53043427   0.03074926
  217.000       1425.14930   0.43441707   0.53452955   0.03105338
  218.000       1425.13220   0.43001520   0.53862539   0.03135941
  219.000       1425.11510   0.42562097   0.54271376   0.03166527
  220.000       1425.09800   0.42127023   0.54676045   0.03196932
  221.000       1425.08090   0.41690998   0.55081851   0.03227151
  222.000       1425.06380   0.41257056   0.55485446   0.03257497
  223.000       1425.04670   0.40819626   0.55892488   0.03287886
  224.000       1425.02960   0.40383272   0.56298496   0.03318232
  225.000       1425.01250   0.39947521   0.56704159   0.03348320
  226.000       1424.99540   0.39514286   0.57107222   0.03378492
  227.000       1424.97830   0.39080907   0.57510452   0.03408642
  228.000       1424.96120   0.38647995   0.57913246   0.03438759
  229.000       1424.94410   0.39608576   0.57004590   0.03386834
  230.000       1424.92700   0.37784395   0.58716758   0.03498847
  231.000       1424.90990   0.37353518   0.59117650   0.03528831
  232.000       1424.89280   0.36924637   0.59516527   0.03558837
  233.000       1424.87570   0.36494838   0.59916340   0.03588822
  234.000       1424.85860   0.36066372   0.60314786   0.03618842
  235.000       1424.84150   0.35637677   0.60713389   0.03648934
  236.000       1424.82440   0.35208759   0.61112157   0.03679084
  237.000       1424.80730   0.34780515   0.61510463   0.03709021
  238.000       1424.79020   0.34353328   0.61907779   0.03738893
  239.000       1424.77310   0.33928756   0.62302477   0.03768767
  240.000       1424.75600   0.33505413   0.62696132   0.03798455
  241.000       1424.73890   0.33082608   0.63089321   0.03828071
  242.000       1424.72180   0.32664278   0.63478120   0.03857602
  243.000       1424.70470   0.32248584   0.63864546   0.03886870
  244.000       1424.68760   0.31835730   0.64247977   0.03916293
  245.000       1424.67050   0.31425569   0.64628869   0.03945562
  246.000       1424.65340   0.31019474   0.65005862   0.03974664
  247.000       1424.63630   0.30617042   0.65379206   0.04003752
  248.000       1424.61920   0.30220719   0.65746674   0.04032607
  249.000       1424.60210   0.29829848   0.66109020   0.04061132
  250.000       1424.58500   0.29439524   0.66470993   0.04089483
  251.000       1424.56790   0.29054357   0.66827963   0.04117680
  252.000       1424.55080   0.28670243   0.67184128   0.04145629
  253.000       1424.53370   0.28289428   0.67537438   0.04173134
  254.000       1424.51660   0.27912841   0.67886376   0.04200783
  255.000       1424.49950   0.27538520   0.68233559   0.04227921
  256.000       1424.48240   0.27169090   0.68576016   0.04254894
  257.000       1424.46530   0.26802103   0.68916105   0.04281792
  258.000       1424.44820   0.26438677   0.69252978   0.04308345
  259.000       1424.43110   0.26076497   0.69588750   0.04334753
  260.000       1424.41400   0.25720918   0.69918324   0.04360758
  261.000       1424.39690   0.25367674   0.70245677   0.04386649
  262.000       1424.37980   0.25017779   0.70570036   0.04412185
  263.000       1424.36270   0.24671118   0.70891230   0.04437651
  264.000       1424.34560   0.24327047   0.71210133   0.04462820
  265.000       1424.32850   0.23985805   0.71526405   0.04487790
  266.000       1424.31140   0.23647375   0.71840060   0.04512565
  267.000       1424.29430   0.23311356   0.72151554   0.04537090
  268.000       1424.27720   0.22976880   0.72461695   0.04561425
  269.000       1424.26010   0.22645747   0.72768725   0.04585528
  270.000       1424.24300   0.22317388   0.73073130   0.04609482
  271.000       1424.22590   0.21991532   0.73375232   0.04633235
  272.000       1424.20880   0.21667812   0.73675409   0.04656779
  273.000       1424.19170   0.21346492   0.73973297   0.04680211
  274.000       1424.17460   0.21026876   0.74269745   0.04703379
  275.000       1424.15750   0.20710499   0.74563087   0.04726413
  276.000       1424.14040   0.20397405   0.74853291   0.04749305
  277.000       1424.12330   0.20084583   0.75143514   0.04771903
  278.000       1424.10620   0.19776500   0.75429305   0.04794195
  279.000       1424.08910   0.19472248   0.75711246   0.04816506
  280.000       1424.07200   0.19168221   0.75993089   0.04838691
  281.000       1424.05490   0.18866764   0.76272547   0.04860689
  282.000       1424.03780   0.18569410   0.76548188   0.04882401
  283.000       1424.02070   0.18272912   0.76823020   0.04904069
  284.000       1424.00360   0.17979626   0.77094998   0.04925377
  285.000       1423.98650   0.17688338   0.77365030   0.04946632
  286.000       1423.96940   0.17400244   0.77631788   0.04967967
  287.000       1423.95230   0.17113504   0.77897579   0.04988916
  288.000       1423.93520   0.16828686   0.78161510   0.05009804
  289.000       1423.91810   0.16546593   0.78422961   0.05030446
  290.000       1423.90100   0.16266974   0.78682232   0.05050794
  291.000       1423.88390   0.15990413   0.78938366   0.05071221
  292.000       1423.86680   0.15715873   0.79192644   0.05091484
  293.000       1423.84970   0.15442838   0.79445589   0.05111573
  294.000       1423.83260   0.15172294   0.79696406   0.05131301
  295.000       1423.81550   0.14904689   0.79944358   0.05150953
  296.000       1423.79840   0.14640168   0.80189188   0.05170644
  297.000       1423.78130   0.14376824   0.80432843   0.05190332
  298.000       1423.76420   0.14113987   0.80676496   0.05209517
  299.000       1423.74710   0.13855080   0.80916364   0.05228557
  300.000       1423.73000   0.13598712   0.81153764   0.05247524
  301.000       1423.65640   0.13339091   0.81394450   0.05266458
  302.000       1423.58280   0.13080706   0.81634130   0.05285163
  303.000       1423.50920   0.12824054   0.81872036   0.05303910
  304.000       1423.43560   0.12569058   0.82108535   0.05322407
  305.000       1423.36200   0.12317028   0.82341803   0.05341169
  306.000       1423.28840   0.12750184   0.81931521   0.05318295
  307.000       1423.21480   0.11815086   0.82806827   0.05378087
  308.000       1423.14120   0.11569373   0.83034298   0.05396329
  309.000       1423.06760   0.11980097   0.82644731   0.05375172
  310.000       1422.99400   0.11732291   0.82873917   0.05393792
  311.000       1422.92040   0.10858886   0.83691093   0.05450021
  312.000       1422.84680   0.11249995   0.83319550   0.05430456
  313.000       1422.77320   0.10407455   0.84107232   0.05485313
  314.000       1422.69960   0.10187742   0.84309515   0.05502743
  315.000       1422.62600   0.10557086   0.83958193   0.05484722
  316.000       1422.55240   0.09753553   0.84709816   0.05536631
  317.000       1422.47880   0.09537979   0.84908791   0.05553231
  318.000       1422.40520   0.09878563   0.84584704   0.05536733
  319.000       1422.33160   0.09110946   0.85302990   0.05586064
  320.000       1422.25800   0.09433600   0.84995847   0.05570553
  321.000       1422.18440   0.09214149   0.85198711   0.05587139
  322.000       1422.11080   0.08484675   0.85881335   0.05633990
  323.000       1422.03720   0.08279701   0.86070609   0.05649690
  324.000       1421.96360   0.08568217   0.85795456   0.05636326
  325.000       1421.89000   0.07877106   0.86442145   0.05680749
  326.000       1421.81640   0.07678331   0.86625471   0.05696197
  327.000       1421.74280   0.07940607   0.86374604   0.05684789
  328.000       1421.66920   0.07286293   0.86987080   0.05726628
  329.000       1421.59560   0.07093127   0.87165129   0.05741744
  330.000       1421.52200   0.07329479   0.86938422   0.05732098
  331.000       1421.44840   0.06711898   0.87516547   0.05771555
  332.000       1421.37480   0.06524403   0.87689293   0.05786304
  333.000       1421.30120   0.06735612   0.87486063   0.05778325
  334.000       1421.22760   0.06155105   0.88029528   0.05815367
  335.000       1421.15400   0.05973818   0.88196578   0.05829604
  336.000       1421.08040   0.06161066   0.88015713   0.05823221
  337.000       1421.00680   0.05617888   0.88524235   0.05857877
  338.000       1420.93320   0.05443086   0.88685173   0.05871741
  339.000       1420.85960   0.05606835   0.88526138   0.05867027
  340.000       1420.78600   0.05426532   0.88692149   0.05881319
  341.000       1420.71240   0.04932143   0.89155067   0.05912790
  342.000       1420.63880   0.05073605   0.89016822   0.05909573
  343.000       1420.56520   0.04603243   0.89457307   0.05939450
  344.000       1420.49160   0.04442075   0.89605297   0.05952628
  345.000       1420.41800   0.04561590   0.89487369   0.05951041
  346.000       1420.34440   0.04126625   0.89894819   0.05978556
  347.000       1420.27080   0.03972992   0.90035684   0.05991324
  348.000       1420.19720   0.04072399   0.89936367   0.05991234
  349.000       1420.12360   0.03673396   0.90310175   0.06016428
  350.000       1420.05000   0.03760095   0.90222668   0.06017237
  351.000       1419.89200   0.03605738   0.90364066   0.06030196
  352.000       1419.73400   0.03239084   0.90707984   0.06052932
  353.000       1419.57600   0.03097829   0.90836925   0.06065247
  354.000       1419.41800   0.03156210   0.90775354   0.06068436
  355.000       1419.26000   0.02821540   0.91088732   0.06089728
  356.000       1419.10200   0.02686104   0.91212082   0.06101813
  357.000       1418.94400   0.02724449   0.91169090   0.06106461
  358.000       1418.78600   0.02421914   0.91452583   0.06125503
  359.000       1418.62800   0.02293468   0.91569326   0.06137207
  360.000       1418.47000   0.02315032   0.91541753   0.06143215
  361.000       1418.24500   0.02043975   0.91795777   0.06160247
  362.000       1418.02000   0.01922098   0.91906102   0.06171800
  363.000       1417.79500   0.01925531   0.91895019   0.06179450
  364.000       1417.57000   0.01685469   0.92119867   0.06194664
  365.000       1417.34500   0.01571178   0.92222807   0.06206014
  366.000       1417.12000   0.01559974   0.92224962   0.06215064
  367.000       1416.89500   0.01351070   0.92420507   0.06228423
  368.000       1416.67000   0.01245534   0.92515064   0.06239402
  369.000       1416.44500   0.01222506   0.92527804   0.06249690
  370.000       1416.22000   0.01116910   0.92622116   0.06260975
  371.000       1415.82300   0.00947310   0.92780717   0.06271973
  372.000       1415.42600   0.00911953   0.92804271   0.06283776
  373.000       1415.02900   0.00761186   0.92944869   0.06293945
  374.000       1414.63200   0.00673145   0.93021942   0.06304913
  375.000       1414.23500   0.00630133   0.93051700   0.06318167
  376.000       1413.83800   0.00508925   0.93164182   0.06326893
  377.000       1413.44100   0.00433128   0.93229125   0.06337747
  378.000       1413.04400   0.00387067   0.93260873   0.06352061
  379.000       1412.64700   0.00295530   0.93345210   0.06359260
  380.000       1412.25000   0.00250839   0.93375123   0.06374038
  381.000       1411.57900   0.00190619   0.93424223   0.06385158
  382.000       1410.90800   0.00128056   0.93480588   0.06391356
  383.000       1410.23700   0.00084680   0.93512934   0.06402386
  384.000       1409.56600   0.00048339   0.93532382   0.06419278
  385.000       1408.89500   0.00020942   0.93554754   0.06424304
  386.000       1408.22400   0.00003895   0.93560844   0.06435261
  387.000       1407.55300   0.00000000   0.93547752   0.06452248
  388.000       1406.88200   0.00000000   0.93543298   0.06456702
  389.000       1406.21100   0.00000000   0.93532895   0.06467105
  390.000       1405.54000   0.00000000   0.93516215   0.06483785
  391.000       1404.19800   0.00000000   0.93512187   0.06487813
  392.000       1402.85600   0.00000000   0.93500868   0.06499132
  393.000       1401.51400   0.00000000   0.93482155   0.06517845
  394.000       1400.17200   0.00000000   0.93477097   0.06522903
  395.000       1398.83000   0.00000000   0.93464824   0.06535176
  396.000       1397.48800   0.00000000   0.93444806   0.06555194
  397.000       1396.14600   0.00000000   0.93439534   0.06560466
  398.000       1394.80400   0.00000000   0.93426760   0.06573240
  399.000       1393.46200   0.00000000   0.93405887   0.06594113
  400.000       1392.12000   0.00000000   0.93392769   0.06607231
  401.000       1390.87450   0.00000000   0.93387913   0.06612087
  402.000       1389.62900   0.00000000   0.93366513   0.06633487
  403.000       1388.38350   0.00000000   0.93362303   0.06637697
  404.000       1387.13800   0.00000000   0.93349411   0.06650589
  405.000       1385.89250   0.00000000   0.93327493   0.06672507
  406.000       1384.64700   0.00000000   0.93323875   0.06676125
  407.000       1383.40150   0.00000000   0.93311069   0.06688931
  408.000       1382.15600   0.00000000   0.93288448   0.06711552
  409.000       1380.91050   0.00000000   0.93285420   0.06714580
  410.000       1379.66500   0.00000000   0.93262345   0.06737655
  411.000       1378.41950   0.00000000   0.93249402   0.06750598
  412.000       1377.17400   0.00000000   0.93247081   0.06752919
  413.000       1375.92850   0.00000000   0.93234370   0.06765630
  414.000       1374.68300   0.00000000   0.93210551   0.06789449
  415.000       1373.43750   0.00000000   0.93209042   0.06790958
  416.000       1372.19200   0.00000000   0.93196385   0.06803615
  417.000       1370.94650   0.00000000   0.93171822   0.06828178
  418.000       1369.70100   0.00000000   0.93171051   0.06828949
  419.000       1368.45550   0.00000000   0.93158452   0.06841548
  420.000       1367.21000   0.00000000   0.93133143   0.06866857
  421.000       1366.24600   0.00000000   0.93133545   0.06866455
  422.000       1365.28200   0.00000000   0.93121673   0.06878327
  423.000       1364.31800   0.00000000   0.93096683   0.06903317
  424.000       1363.35400   0.00000000   0.93098595   0.06901405
  425.000       1362.39000   0.00000000   0.93087259   0.06912741
  426.000       1361.42600   0.00000000   0.93062083   0.06937917
  427.000       1360.46200   0.00000000   0.93065201   0.06934799
  428.000       1359.49800   0.00000000   0.93054394   0.06945606
  429.000       1358.53400   0.00000000   0.93029063   0.06970937
  430.000       1357.57000   0.00000000   0.93018177   0.06981823
  431.000       1356.60600   0.00000000   0.93022641   0.06977359
  432.000       1355.64200   0.00000000   0.92996771   0.07003229
  433.000       1354.67800   0.00000000   0.93001953   0.06998047
  434.000       1353.71400   0.00000000   0.92991728   0.07008272
  435.000       1352.75001   0.00000000   0.92965313   0.07034687
  436.000       1351.78600   0.00000000   0.92971392   0.07028608
  437.000       1350.82200   0.00000000   0.92961204   0.07038796
  438.000       1349.85800   0.00000000   0.92934222   0.07065778
  439.000       1348.89400   0.00000000   0.92941163   0.07058837
  440.000       1347.93000   0.00000000   0.92913800   0.07086200
  441.000       1346.96600   0.00000000   0.92903554   0.07096446
  442.000       1346.00200   0.00000000   0.92911278   0.07088722
  443.000       1345.03800   0.00000000   0.92901364   0.07098636
  444.000       1344.07400   0.00000000   0.92873001   0.07126999
  445.000       1343.11000   0.00000000   0.92881625   0.07118375
  446.000       1342.14600   0.00000000   0.92871776   0.07128224
  447.000       1341.18200   0.00000000   0.92842807   0.07157193
  448.000       1340.21800   0.00000000   0.92852212   0.07147788
  449.000       1339.25400   0.00000000   0.92842502   0.07157498
  450.000       1338.29000   0.00000000   0.92812724   0.07187276
  451.000       1337.57600   0.00000000   0.92823321   0.07176679
  452.000       1336.86200   0.00000000   0.92814007   0.07185993
  453.000       1336.14800   0.00000000   0.92784353   0.07215647
  454.000       1335.43400   0.00000000   0.92796290   0.07203710
  455.000       1334.72000   0.00000000   0.92787639   0.07212361
  456.000       1334.00600   0.00000000   0.92757590   0.07242410
  457.000       1333.29200   0.00000000   0.92770631   0.07229369
  458.000       1332.57800   0.00000000   0.92762388   0.07237612
  459.000       1331.86400   0.00000000   0.92732064   0.07267936
  460.000       1331.15001   0.00000000   0.92723774   0.07276226
  461.000       1330.43600   0.00000000   0.92738308   0.07261692
  462.000       1329.72200   0.00000000   0.92707636   0.07292364
  463.000       1329.00800   0.00000000   0.92722825   0.07277175
  464.000       1328.29400   0.00000000   0.92715083   0.07284917
  465.000       1327.58000   0.00000000   0.92683740   0.07316260
  466.000       1326.86600   0.00000000   0.92699818   0.07300182
  467.000       1326.15200   0.00000000   0.92692252   0.07307748
  468.000       1325.43800   0.00000000   0.92660299   0.07339701
  469.000       1324.72400   0.00000000   0.92677064   0.07322936
  470.000       1324.01000   0.00000000   0.92644896   0.07355104
  471.000       1323.29600   0.00000000   0.92637132   0.07362868
  472.000       1322.58200   0.00000000   0.92654742   0.07345258
  473.000       1321.86800   0.00000000   0.92647377   0.07352623
  474.000       1321.15400   0.00000000   0.92614446   0.07385554
  475.000       1320.44000   0.00000000   0.92632787   0.07367213
  476.000       1319.72600   0.00000000   0.92625431   0.07374569
  477.000       1319.01200   0.00000000   0.92591787   0.07408213
  478.000       1318.29800   0.00000000   0.92610835   0.07389165
  479.000       1317.58404   0.00000000   0.92576681   0.07423319
  480.000       1316.87000   0.00000000   0.92569473   0.07430527
  481.000       1316.15600   0.00000000   0.92589364   0.07410636
  482.000       1315.44200   0.00000000   0.92582181   0.07417819
  483.000       1314.72800   0.00000000   0.92547299   0.07452701
  484.000       1314.01400   0.00000000   0.92567812   0.07432188
  485.000       1313.30000   0.00000000   0.92560751   0.07439249
  486.000       1312.58600   0.00000000   0.92525000   0.07475000
  487.000       1311.87200   0.00000000   0.92546416   0.07453584
  488.000       1311.15800   0.00000000   0.92539333   0.07460667
  489.000       1310.44400   0.00000000   0.92502972   0.07497028
  490.000       1309.73005   0.00000000   0.92495621   0.07504379
  491.000       1309.01600   0.00000000   0.92517954   0.07482046
  492.000       1308.30200   0.00000000   0.92481175   0.07518825
  493.000       1307.58800   0.00000000   0.92503994   0.07496006
  494.000       1306.87400   0.00000000   0.92497062   0.07502938
  495.000       1306.16000   0.00000000   0.92459440   0.07540560
  496.000       1305.44600   0.00000000   0.92483095   0.07516905
  497.000       1304.73200   0.00000000   0.92476117   0.07523883
  498.000       1304.01800   0.00000000   0.92437905   0.07562095
  499.000       1303.30400   0.00000000   0.92462473   0.07537527
  500.000       1302.59000   0.00000000   0.92423464   0.07576536
  501.000       1301.97200   0.00000000   0.92416311   0.07583689
  502.000       1301.35400   0.00000000   0.92441638   0.07558362
  503.000       1300.73600   0.00000000   0.92434984   0.07565016
  504.000       1300.11800   0.00000000   0.92395601   0.07604399
  505.000       1299.50000   0.00000000   0.92421867   0.07578133
  506.000       1298.88200   0.00000000   0.92415266   0.07584734
  507.000       1298.26400   0.00000000   0.92375165   0.07624835
  508.000       1297.64600   0.00000000   0.92402538   0.07597462
  509.000       1297.02800   0.00000000   0.92396057   0.07603943
  510.000       1296.41000   0.00000000   0.92355205   0.07644795
  511.000       1295.79200   0.00000000   0.92383233   0.07616767
  512.000       1295.17400   0.00000000   0.92376919   0.07623081
  513.000       1294.55600   0.00000000   0.92335599   0.07664401
  514.000       1293.93800   0.00000000   0.92364592   0.07635408
  515.000       1293.32000   0.00000000   0.92358327   0.07641673
  516.000       1292.70200   0.00000000   0.92316220   0.07683780
  517.000       1292.08400   0.00000000   0.92345867   0.07654133
  518.000       1291.46600   0.00000000   0.92339816   0.07660184
  519.000       1290.84800   0.00000000   0.92297184   0.07702816
  520.000       1290.23000   0.00000000   0.92290805   0.07709195
  521.000       1289.61200   0.00000000   0.92321345   0.07678655
  522.000       1288.99400   0.00000000   0.92278116   0.07721884
  523.000       1288.37600   0.00000000   0.92309256   0.07690744
  524.000       1287.75800   0.00000000   0.92303241   0.07696759
  525.000       1287.14000   0.00000000   0.92259358   0.07740642
  526.000       1286.52200   0.00000000   0.92291168   0.07708832
  527.000       1285.90400   0.00000000   0.92285174   0.07714826
  528.000       1285.28600   0.00000000   0.92240483   0.07759517
  529.000       1284.66800   0.00000000   0.92273111   0.07726889
  530.000       1284.05000   0.00000000   0.92227996   0.07772004
  531.000       1283.43200   0.00000000   0.92221867   0.07778133
  532.000       1282.81400   0.00000000   0.92255296   0.07744704
  533.000       1282.19600   0.00000000   0.92249457   0.07750543
  534.000       1281.57800   0.00000000   0.92203496   0.07796504
  535.000       1280.96000   0.00000000   0.92237707   0.07762293
  536.000       1280.34200   0.00000000   0.92231823   0.07768177
  537.000       1279.72400   0.00000000   0.92184988   0.07815012
  538.000       1279.10600   0.00000000   0.92220053   0.07779947
  539.000       1278.48800   0.00000000   0.92214231   0.07785769
  540.000       1277.87000   0.00000000   0.92166830   0.07833170
  541.000       1277.25200   0.00000000   0.92202555   0.07797445
  542.000       1276.63400   0.00000000   0.92196777   0.07803223
  543.000       1276.01600   0.00000000   0.92148537   0.07851463
  544.000       1275.39800   0.00000000   0.92184973   0.07815027
  545.000       1274.78000   0.00000000   0.92179224   0.07820776
  546.000       1274.16200   0.00000000   0.92130373   0.07869627
  547.000       1273.54402   0.00000000   0.92124191   0.07875809
  548.000       1272.92600   0.00000000   0.92161798   0.07838202
  549.000       1272.30800   0.00000000   0.92112142   0.07887858
  550.000       1271.69000   0.00000000   0.92106079   0.07893921
  551.000       1271.14300   0.00000000   0.92144476   0.07855524
  552.000       1270.59600   0.00000000   0.92094185   0.07905815
  553.000       1270.04900   0.00000000   0.92133197   0.07866803
  554.000       1269.50200   0.00000000   0.92127636   0.07872364
  555.000       1268.95500   0.00000000   0.92076876   0.07923124
  556.000       1268.40800   0.00000000   0.92116607   0.07883393
  557.000       1267.86100   0.00000000   0.92111141   0.07888859
  558.000       1267.31400   0.00000000   0.92059532   0.07940468
  559.000       1266.76700   0.00000000   0.92100181   0.07899819
  560.000       1266.22000   0.00000000   0.92048268   0.07951732
  561.000       1265.67300   0.00000000   0.92042535   0.07957465
  562.000       1265.12600   0.00000000   0.92084176   0.07915824
  563.000       1264.57906   0.00000000   0.92031604   0.07968396
  564.000       1264.03200   0.00000000   0.92026032   0.07973968
  565.000       1263.48500   0.00000000   0.92068268   0.07931732
  566.000       1262.93800   0.00000000   0.92062945   0.07937055
  567.000       1262.39100   0.00000000   0.92009515   0.07990485
  568.000       1261.84400   0.00000000   0.92052538   0.07947462
  569.000       1261.29700   0.00000000   0.92047220   0.07952780
  570.000       1260.75000   0.00000000   0.91993148   0.08006852
  571.000       1260.20300   0.00000000   0.92036867   0.07963133
  572.000       1259.65600   0.00000000   0.92031476   0.07968524
  573.000       1259.10900   0.00000000   0.91976931   0.08023069
  574.000       1258.56200   0.00000000   0.92021284   0.07978716
  575.000       1258.01500   0.00000000   0.92016178   0.07983822
  576.000       1257.46800   0.00000000   0.91960495   0.08039505
  577.000       1256.92100   0.00000000   0.92005764   0.07994236
  578.000       1256.37400   0.00000000   0.92000549   0.07999451
  579.000       1255.82700   0.00000000   0.91944515   0.08055485
  580.000       1255.28000   0.00000000   0.91939163   0.08060837
  581.000       1254.73300   0.00000000   0.91985449   0.08014551
  582.000       1254.18600   0.00000000   0.91928404   0.08071596
  583.000       1253.63900   0.00000000   0.91975330   0.08024670
  584.000       1253.09200   0.00000000   0.91970210   0.08029790
  585.000       1252.54500   0.00000000   0.91912466   0.08087534
  586.000       1251.99800   0.00000000   0.91959887   0.08040113
  587.000       1251.45100   0.00000000   0.91955058   0.08044942
  588.000       1250.90400   0.00000000   0.91896582   0.08103418
  589.000       1250.35700   0.00000000   0.91944666   0.08055334
  590.000       1249.81000   0.00000000   0.91886070   0.08113930
  591.000       1249.26300   0.00000000   0.91880757   0.08119243
  592.000       1248.71600   0.00000000   0.91930007   0.08069993
  593.000       1248.16900   0.00000000   0.91924833   0.08075167
  594.000       1247.62200   0.00000000   0.91865036   0.08134964
  595.000       1247.07500   0.00000000   0.91914817   0.08085183
  596.000       1246.52800   0.00000000   0.91909872   0.08090128
  597.000       1245.98100   0.00000000   0.91849373   0.08150627
  598.000       1245.43400   0.00000000   0.91900076   0.08099924
  599.000       1244.88700   0.00000000   0.91895034   0.08104966
  600.000       1244.34000   0.00000000   0.91833734   0.08166266
