#  Simulation  Temperature    Fraction     Fraction     Fraction
#   time [s]       [K]         Liquid      Phase 1      Phase 2
  0.00000       1023.00000   0.00000000   1.00000000   0.00000000
  1.00000       1023.00000   0.00000000   1.00000000   0.00000000
  2.00000       1023.00000   0.00000000   0.99972419   0.00027581
  3.00000       1023.00000   0.00000000   0.99948241   0.00051759
  4.00000       1023.00000   0.00000000   0.99925360   0.00074640
  5.00000       1023.00000   0.00000000   0.99904387   0.00095613
  6.00000       1023.00000   0.00000000   0.99882373   0.00117627
  8.00000       1023.00000   0.00000000   0.99853115   0.00146885
  10.0000       1023.00000   0.00000000   0.99780895   0.00219105
  15.0000       1023.00000   0.00000000   0.99499122   0.00500878
  20.0000       1023.00000   0.00000000   0.98979256   0.01020744
  25.0000       1023.00000   0.00000000   0.97843462   0.02156538
  30.0000       1023.00000   0.00000000   0.96062157   0.03937843
  40.0000       1023.00000   0.00000000   0.90696978   0.09303022
  50.0000       1023.00000   0.00000000   0.84299357   0.15700643
  60.0000       1023.00000   0.00000000   0.77729149   0.22270851
  70.0000       1023.00000   0.00000000   0.73120088   0.26879912
  80.0000       1023.00000   0.00000000   0.70313639   0.29686361
  90.0000       1023.00000   0.00000000   0.68744332   0.31255668
  100.000       1023.00000   0.00000000   0.67895135   0.32104865
  125.000       1023.00000   0.00000000   0.67225684   0.32774316
  150.000       1023.00000   0.00000000   0.66618419   0.33381581
  175.000       1023.00000   0.00000000   0.66368549   0.33631451
  200.000       1023.00000   0.00000000   0.66277209   0.33722791
  225.000       1023.00000   0.00000000   0.66140210   0.33859790
  250.000       1023.00000   0.00000000   0.66134025   0.33865975
  275.000       1023.00000   0.00000000   0.66136868   0.33863132
  300.000       1023.00000   0.00000000   0.66129618   0.33870382
