#  Simulation  Temperature    Fraction     Fraction     Fraction     Fraction
#   time [s]       [K]         Liquid      Phase 1      Phase 2      Phase 3
  0.00000       1030.00000   0.00000000   1.00000000   0.00000000   0.00000000
 0.250000       1027.50000   0.00000000   1.00000000   0.00000000   0.00000000
  1.00000       1020.00000   0.00000000   0.99944953   0.00055047   0.00000000
  1.50000       1015.00000   0.00000000   0.99799596   0.00200404   0.00000000
  2.00000       1010.00000   0.00000000   0.99306338   0.00693662   0.00000000
  2.50000       1005.00000   0.00000000   0.98219706   0.01780294   0.00000000
  3.00000       1000.00000   0.00000000   0.96262617   0.03737383   0.00000000
  3.50000        995.00000   0.00000000   0.93162825   0.06837175   0.00000000
  4.00000        990.00000   0.00000000   0.88763391   0.11236609   0.00000000
  4.50000        985.00000   0.00000000   0.82939635   0.17060365   0.00000000
  5.00000        980.00000   0.00000000   0.75647706   0.24352294   0.00000000
  5.50000        975.00000   0.00000000   0.66948126   0.33051874   0.00000000
  6.00000        970.00000   0.00000000   0.57060879   0.42939121   0.00000000
  6.50000        965.00000   0.00000000   0.46742202   0.53257798   0.00000000
  7.00000        960.00000   0.00000000   0.37258902   0.62741098   0.00000000
  7.50000        955.00000   0.00000000   0.30065575   0.69934425   0.00000000
  8.00000        950.00000   0.00000000   0.25359850   0.74640150   0.00000000
  8.50000        945.00000   0.00000000   0.22543890   0.77456110   0.00000000
  9.00000        940.00000   0.00000000   0.20881304   0.79118696   0.00000000
  9.50000        935.00000   0.00000000   0.19753811   0.80246189   0.00000000
  10.0000        930.00000   0.00000000   0.18922657   0.81077342   0.00000002
  11.0000        920.00000   0.00000000   0.15904432   0.83608298   0.00487270
  12.0000        910.00000   0.00000000   0.13261127   0.85831187   0.00907686
  13.0000        900.00000   0.00000000   0.09667505   0.88633783   0.01698712
  14.0000        890.00000   0.00000000   0.06723367   0.90901872   0.02374761
  15.0000        880.00000   0.00000000   0.03597287   0.93155708   0.03247005
  16.0000        870.00000   0.00000000   0.01544141   0.94571216   0.03884643
  17.0000        860.00000   0.00000000   0.00207070   0.95446425   0.04346505
  18.0000        850.00000   0.00000000   0.00000000   0.95529387   0.04470613
  19.0000        840.00000   0.00000000   0.00000000   0.95503737   0.04496263
  20.0000        830.00000   0.00000000   0.00000000   0.95482834   0.04517166
  21.0000        820.00000   0.00000000   0.00000000   0.95464188   0.04535812
  22.0000        810.00000   0.00000000   0.00000000   0.95446835   0.04553165
  23.0000        800.00000   0.00000000   0.00000000   0.95430351   0.04569649
  24.0000        790.00000   0.00000000   0.00000000   0.95414479   0.04585521
  25.0000        780.00000   0.00000000   0.00000000   0.95399141   0.04600859
  26.0000        770.00000   0.00000000   0.00000000   0.95384213   0.04615787
  27.0000        760.00000   0.00000000   0.00000000   0.95369551   0.04630449
  28.0000        750.00000   0.00000000   0.00000000   0.95355165   0.04644835
  29.0000        740.00000   0.00000000   0.00000000   0.95341067   0.04658933
  30.0000        730.00000   0.00000000   0.00000000   0.95327217   0.04672783
  31.0000        720.00000   0.00000000   0.00000000   0.95313635   0.04686365
  32.0000        710.00000   0.00000000   0.00000000   0.95300296   0.04699704
  33.0000        700.00000   0.00000000   0.00000000   0.95287185   0.04712815
  34.0000        690.00000   0.00000000   0.00000000   0.95274405   0.04725595
  35.0000        680.00000   0.00000000   0.00000000   0.95261962   0.04738038
