#  Simulation  Temperature    Fraction     Fraction     Fraction
#   time [s]       [K]         Liquid      Phase 1      Phase 2
  0.00000       1023.00000   0.00000000   1.00000000   0.00000000
  1.00000       1023.00000   0.00000000   1.00000000   0.00000000
  2.00000       1023.00000   0.00000000   0.99864879   0.00135121
  3.00000       1023.00000   0.00000000   0.99656680   0.00343320
  4.00000       1023.00000   0.00000000   0.99248260   0.00751740
  5.00000       1023.00000   0.00000000   0.98499528   0.01500472
  6.00000       1023.00000   0.00000000   0.97250104   0.02749896
  8.00000       1023.00000   0.00000000   0.92932135   0.07067865
  10.0000       1023.00000   0.00000000   0.86228401   0.13771599
  15.0000       1023.00000   0.00000000   0.62958356   0.37041644
  20.0000       1023.00000   0.00000000   0.43751518   0.56248482
  25.0000       1023.00000   0.00000000   0.36109933   0.63890067
  30.0000       1023.00000   0.00000000   0.34151523   0.65848476
  40.0000       1023.00000   0.00000000   0.33666349   0.66333651
  50.0000       1023.00000   0.00000000   0.33707546   0.66292454
  60.0000       1023.00000   0.00000000   0.33781648   0.66218351
  70.0000       1023.00000   0.00000000   0.33855241   0.66144759
  80.0000       1023.00000   0.00000000   0.33922606   0.66077394
  90.0000       1023.00000   0.00000000   0.33980749   0.66019251
  100.000       1023.00000   0.00000000   0.34035857   0.65964143
  125.000       1023.00000   0.00000000   0.34152670   0.65847329
  150.000       1023.00000   0.00000000   0.34244184   0.65755816
  175.000       1023.00000   0.00000000   0.34303905   0.65696095
  200.000       1023.00000   0.00000000   0.34331781   0.65668219
  225.000       1023.00000   0.00000000   0.34353009   0.65646991
  250.000       1023.00000   0.00000000   0.34385150   0.65614850
  275.000       1023.00000   0.00000000   0.34404359   0.65595640
  300.000       1023.00000   0.00000000   0.34412602   0.65587397
