#  Simulation  Temperature    Fraction     Fraction     Fraction
#   time [s]       [K]         Liquid      Phase 1      Phase 2
  0.00000       1659.00000   0.99999999   0.00000001   0.00000000
  2.00000       1657.71000   0.99094003   0.00905997   0.00000000
  10.0000       1652.55000   0.83919366   0.16080634   0.00000000
  25.0000       1642.87500   0.62426237   0.37573763   0.00000000
  50.0000       1626.75000   0.39462567   0.60537433   0.00000000
  75.0000       1610.62500   0.24377812   0.75622188   0.00000000
  100.000       1594.50000   0.14525555   0.85474445   0.00000000
  125.000       1578.37500   0.08312106   0.91687894   0.00000000
  150.000       1562.25000   0.03770155   0.94363009   0.01866836
  200.000       1530.00000   0.00937542   0.96071393   0.02991064
  250.000       1497.75000   0.00328405   0.96340864   0.03330731
  300.000       1465.50000   0.00147269   0.96216079   0.03636652
  350.000       1433.25000   0.00078345   0.95976214   0.03945441
  400.000       1401.00000   0.00000000   0.95838683   0.04161317
