#  Simulation  Temperature    Fraction     Fraction     Fraction     Fraction
#   time [s]       [K]         Liquid      Phase 1      Phase 2      Phase 3
  0.00000       1100.00000   0.00000000   1.00000000   0.00000000   0.00000000
 0.250000       1097.50000   0.00000000   1.00000000   0.00000000   0.00000000
  1.00000       1090.00000   0.00000000   1.00000000   0.00000000   0.00000000
  1.50000       1085.00000   0.00000000   1.00000000   0.00000000   0.00000000
  2.00000       1080.00000   0.00000000   0.99979542   0.00020458   0.00000000
  2.50000       1075.00000   0.00000000   0.98763224   0.01236776   0.00000000
  3.00000       1070.00000   0.00000000   0.92891533   0.07108467   0.00000000
  3.50000       1065.00000   0.00000000   0.84819273   0.15180727   0.00000000
  4.00000       1060.00000   0.00000000   0.77557026   0.22442974   0.00000000
  4.50000       1055.00000   0.00000000   0.71135431   0.28864569   0.00000000
  5.00000       1050.00000   0.00000000   0.65976948   0.34023052   0.00000000
  5.50000       1045.00000   0.00000000   0.61349419   0.38650581   0.00000000
  6.00000       1040.00000   0.00000000   0.57554752   0.42445248   0.00000000
  6.50000       1035.00000   0.00000000   0.53937317   0.46062683   0.00000000
  7.00000       1030.00000   0.00000000   0.50933377   0.49066623   0.00000000
  7.50000       1025.00000   0.00000000   0.47897107   0.52102893   0.00000000
  8.00000       1020.00000   0.00000000   0.45339984   0.54660016   0.00000000
  8.50000       1015.00000   0.00000000   0.42721758   0.57278242   0.00000000
  9.00000       1010.00000   0.00000000   0.40505651   0.59494349   0.00000000
  9.50000       1005.00000   0.00000000   0.38337127   0.61662873   0.00000000
  10.0000       1000.00000   0.00000000   0.36394906   0.63605094   0.00000000
  11.0000        990.00000   0.00000000   0.32779378   0.67220622   0.00000000
  12.0000        980.00000   0.00000000   0.29831184   0.70168816   0.00000000
  13.0000        970.00000   0.00000000   0.27182255   0.72817677   0.00000067
  14.0000        960.00000   0.00000000   0.24921340   0.75077582   0.00001078
  15.0000        950.00000   0.00000000   0.23005470   0.76983175   0.00011355
  16.0000        940.00000   0.00000000   0.21093856   0.78837981   0.00068164
  17.0000        930.00000   0.00000000   0.18848978   0.80901678   0.00249344
  18.0000        920.00000   0.00000000   0.15736246   0.83571733   0.00692022
  19.0000        910.00000   0.00000000   0.11569139   0.86928732   0.01502129
  20.0000        900.00000   0.00000000   0.06890253   0.90492892   0.02616855
  21.0000        890.00000   0.00000000   0.02841993   0.93445610   0.03712397
  22.0000        880.00000   0.00000000   0.00565093   0.95082863   0.04352044
  23.0000        870.00000   0.00000000   0.00002116   0.95469982   0.04527902
  24.0000        860.00000   0.00000000   0.00000000   0.95463820   0.04536180
  25.0000        850.00000   0.00000000   0.00000000   0.95455962   0.04544038
  26.0000        840.00000   0.00000000   0.00000000   0.95447566   0.04552434
  27.0000        830.00000   0.00000000   0.00000000   0.95440785   0.04559215
  28.0000        820.00000   0.00000000   0.00000000   0.95436823   0.04563177
  29.0000        810.00000   0.00000000   0.00000000   0.95429313   0.04570687
  30.0000        800.00000   0.00000000   0.00000000   0.95424584   0.04575416
  31.0000        790.00000   0.00000000   0.00000000   0.95420386   0.04579614
  32.0000        780.00000   0.00000000   0.00000000   0.95417475   0.04582525
  33.0000        770.00000   0.00000000   0.00000000   0.95413298   0.04586702
  34.0000        760.00000   0.00000000   0.00000000   0.95410379   0.04589621
  35.0000        750.00000   0.00000000   0.00000000   0.95407941   0.04592059
  36.0000        740.00000   0.00000000   0.00000000   0.95405688   0.04594312
  37.0000        730.00000   0.00000000   0.00000000   0.95403786   0.04596214
  38.0000        720.00000   0.00000000   0.00000000   0.95402155   0.04597845
  39.0000        710.00000   0.00000000   0.00000000   0.95400881   0.04599119
  40.0000        700.00000   0.00000000   0.00000000   0.95399622   0.04600378
