#  Simulation  Temperature    Fraction     Fraction     Fraction     Fraction
#   time [s]       [K]         Liquid      Phase 1      Phase 2      Phase 3
  0.00000       1030.00000   0.00000000   1.00000000   0.00000000   0.00000000
 0.250000       1027.50000   0.00000000   1.00000000   0.00000000   0.00000000
  1.00000       1020.00000   0.00000000   0.99944953   0.00055047   0.00000000
  1.50000       1015.00000   0.00000000   0.99799596   0.00200404   0.00000000
  2.00000       1010.00000   0.00000000   0.99306338   0.00693662   0.00000000
  2.50000       1005.00000   0.00000000   0.98219706   0.01780294   0.00000000
  3.00000       1000.00000   0.00000000   0.96262617   0.03737383   0.00000000
  3.50000        995.00000   0.00000000   0.93162825   0.06837175   0.00000000
  4.00000        990.00000   0.00000000   0.88763391   0.11236609   0.00000000
  4.50000        985.00000   0.00000000   0.82939635   0.17060365   0.00000000
  5.00000        980.00000   0.00000000   0.75647706   0.24352294   0.00000000
  5.50000        975.00000   0.00000000   0.66948126   0.33051874   0.00000000
  6.00000        970.00000   0.00000000   0.57060879   0.42939121   0.00000000
  6.50000        965.00000   0.00000000   0.46742202   0.53257798   0.00000000
  7.00000        960.00000   0.00000000   0.37258902   0.62741098   0.00000000
  7.50000        955.00000   0.00000000   0.30065575   0.69934425   0.00000000
  8.00000        950.00000   0.00000000   0.25359850   0.74640150   0.00000000
  8.50000        945.00000   0.00000000   0.22543890   0.77456110   0.00000000
  9.00000        940.00000   0.00000000   0.20881304   0.79118696   0.00000000
  9.50000        935.00000   0.00000000   0.19753811   0.80246189   0.00000000
  10.0000        930.00000   0.00000000   0.18922657   0.81077341   0.00000002
  11.0000        920.00000   0.00000000   0.16393253   0.83265955   0.00340792
  12.0000        910.00000   0.00000000   0.14406919   0.85033029   0.00560052
  13.0000        900.00000   0.00000000   0.12004085   0.86992604   0.01003311
  14.0000        890.00000   0.00000000   0.09945093   0.88674801   0.01380106
  15.0000        880.00000   0.00000000   0.07694317   0.90394953   0.01910730
  16.0000        870.00000   0.00000000   0.05718362   0.91861495   0.02420143
  17.0000        860.00000   0.00000000   0.03711882   0.93269271   0.03018847
  18.0000        850.00000   0.00000000   0.02122321   0.94318652   0.03559027
  19.0000        840.00000   0.00000000   0.00979457   0.95002788   0.04017755
  20.0000        830.00000   0.00000000   0.00173813   0.95477843   0.04348344
  21.0000        820.00000   0.00000000   0.00000000   0.95520703   0.04479297
  22.0000        810.00000   0.00000000   0.00000000   0.95507767   0.04492233
  23.0000        800.00000   0.00000000   0.00000000   0.95493553   0.04506447
  24.0000        790.00000   0.00000000   0.00000000   0.95482406   0.04517594
  25.0000        780.00000   0.00000000   0.00000000   0.95473569   0.04526431
  26.0000        770.00000   0.00000000   0.00000000   0.95466207   0.04533793
  27.0000        760.00000   0.00000000   0.00000000   0.95459898   0.04540102
  28.0000        750.00000   0.00000000   0.00000000   0.95454452   0.04545548
  29.0000        740.00000   0.00000000   0.00000000   0.95450366   0.04549634
  30.0000        730.00000   0.00000000   0.00000000   0.95447266   0.04552734
  31.0000        720.00000   0.00000000   0.00000000   0.95444897   0.04555103
  32.0000        710.00000   0.00000000   0.00000000   0.95443264   0.04556736
  33.0000        700.00000   0.00000000   0.00000000   0.95442376   0.04557624
  34.0000        690.00000   0.00000000   0.00000000   0.95442315   0.04557685
  35.0000        680.00000   0.00000000   0.00000000   0.95443225   0.04556775
