#  Simulation  Temperature    Fraction     Fraction     Fraction     Fraction
#   time [s]       [K]         Liquid      Phase 1      Phase 2      Phase 3
  0.00000       1030.00000   0.00000000   1.00000000   0.00000000   0.00000000
 0.250000       1027.50000   0.00000000   1.00000000   0.00000000   0.00000000
  1.00000       1020.00000   0.00000000   0.99944953   0.00055047   0.00000000
  1.50000       1015.00000   0.00000000   0.99799596   0.00200404   0.00000000
  2.00000       1010.00000   0.00000000   0.99306338   0.00693662   0.00000000
  2.50000       1005.00000   0.00000000   0.98219706   0.01780294   0.00000000
  3.00000       1000.00000   0.00000000   0.96262617   0.03737383   0.00000000
  3.50000        995.00000   0.00000000   0.93162825   0.06837175   0.00000000
  4.00000        990.00000   0.00000000   0.88763391   0.11236609   0.00000000
  4.50000        985.00000   0.00000000   0.82939635   0.17060365   0.00000000
  5.00000        980.00000   0.00000000   0.75647706   0.24352294   0.00000000
  5.50000        975.00000   0.00000000   0.66948126   0.33051874   0.00000000
  6.00000        970.00000   0.00000000   0.57060879   0.42939121   0.00000000
  6.50000        965.00000   0.00000000   0.46742202   0.53257798   0.00000000
  7.00000        960.00000   0.00000000   0.37258902   0.62741098   0.00000000
  7.50000        955.00000   0.00000000   0.30065575   0.69934425   0.00000000
  8.00000        950.00000   0.00000000   0.25359850   0.74640150   0.00000000
  8.50000        945.00000   0.00000000   0.22543890   0.77456110   0.00000000
  9.00000        940.00000   0.00000000   0.20881304   0.79118696   0.00000000
  9.50000        935.00000   0.00000000   0.19753811   0.80246189   0.00000000
  10.0000        930.00000   0.00000000   0.18922658   0.81077342   0.00000000
  11.0000        920.00000   0.00000000   0.17501231   0.82473714   0.00025055
  12.0000        910.00000   0.00000000   0.15779068   0.84013852   0.00207080
  13.0000        900.00000   0.00000000   0.13265953   0.86054313   0.00679735
  14.0000        890.00000   0.00000000   0.09920964   0.88575092   0.01503945
  15.0000        880.00000   0.00000000   0.06045938   0.91354512   0.02599550
  16.0000        870.00000   0.00000000   0.02335356   0.93935368   0.03729276
  17.0000        860.00000   0.00000000   0.00160906   0.95398735   0.04440359
  18.0000        850.00000   0.00000000   0.00002423   0.95486781   0.04510796
  19.0000        840.00000   0.00000000   0.00001258   0.95482650   0.04516093
  20.0000        830.00000   0.00000000   0.00001669   0.95472408   0.04525923
  21.0000        820.00000   0.00000000   0.00000804   0.95464834   0.04534362
  22.0000        810.00000   0.00000000   0.00000392   0.95457652   0.04541956
  23.0000        800.00000   0.00000000   0.00000394   0.95451162   0.04548444
  24.0000        790.00000   0.00000000   0.00001046   0.95444882   0.04554072
  25.0000        780.00000   0.00000000   0.00000272   0.95440831   0.04558897
  26.0000        770.00000   0.00000000   0.00001075   0.95435792   0.04563133
  27.0000        760.00000   0.00000000   0.00000310   0.95432979   0.04566712
  28.0000        750.00000   0.00000000   0.00000055   0.95429582   0.04570363
  29.0000        740.00000   0.00000000   0.00000198   0.95425893   0.04573909
  30.0000        730.00000   0.00000000   0.00000598   0.95422740   0.04576663
  31.0000        720.00000   0.00000000   0.00000373   0.95420955   0.04578672
  32.0000        710.00000   0.00000000   0.00000489   0.95419124   0.04580388
  33.0000        700.00000   0.00000000   0.00000002   0.95417235   0.04582763
  34.0000        690.00000   0.00000000   0.00000111   0.95415553   0.04584336
  35.0000        680.00000   0.00000000   0.00000065   0.95414585   0.04585350
