#  Simulation  Temperature    Fraction     Fraction     Fraction
#   time [s]       [K]         Liquid      Phase 1      Phase 2
  0.00000       1786.00000   1.00000000   0.00000000   0.00000000
 1.000000E-02   1785.99000   0.99999679   0.00000321   0.00000000
  1.00000       1785.00000   0.99921414   0.00078586   0.00000000
  2.50000       1783.50000   0.99679705   0.00320295   0.00000000
  5.00000       1781.00000   0.98277806   0.01722194   0.00000000
  7.50000       1778.50000   0.96632510   0.03367490   0.00000000
  10.0000       1776.00000   0.94898783   0.05101217   0.00000000
  12.5000       1773.50000   0.92704697   0.07295303   0.00000000
  15.0000       1771.00000   0.89450852   0.10549148   0.00000000
  17.5000       1768.50000   0.84185155   0.15814845   0.00000000
  20.0000       1766.00000   0.79090267   0.20909733   0.00000000
  22.5000       1763.50000   0.74567858   0.25432142   0.00000000
  25.0000       1761.00000   0.70155654   0.29844346   0.00000000
  27.0001       1758.99990   0.66564641   0.33435351   0.00000008
  27.5000       1758.50000   0.65376252   0.32397748   0.02225999
  28.0001       1757.99990   0.64192947   0.31592453   0.04214600
  30.0000       1756.00000   0.59387281   0.29006997   0.11605722
  32.5000       1753.50000   0.53476385   0.28004143   0.18519472
  35.0000       1751.00000   0.47349693   0.26906774   0.25743533
  40.0000       1750.22500   0.46115685   0.25653996   0.28230319
  45.0000       1750.22500   0.46069823   0.26069235   0.27860942
  50.0000       1750.20000   0.46146853   0.25632172   0.28220975
