#  Simulation  Temperature    Fraction     Fraction     Fraction
#   time [s]       [K]         Liquid      Phase 1      Phase 2
  0.00000       1023.00000   0.00000000   1.00000000   0.00000000
  1.00000       1023.00000   0.00000000   1.00000000   0.00000000
  2.00000       1023.00000   0.00000000   0.99968728   0.00031272
  3.00000       1023.00000   0.00000000   0.99942721   0.00057279
  4.00000       1023.00000   0.00000000   0.99919596   0.00080404
  5.00000       1023.00000   0.00000000   0.99897377   0.00102623
  6.00000       1023.00000   0.00000000   0.99875844   0.00124156
  8.00000       1023.00000   0.00000000   0.99829861   0.00170139
  10.0000       1023.00000   0.00000000   0.99765397   0.00234603
  15.0000       1023.00000   0.00000000   0.99508738   0.00491262
  20.0000       1023.00000   0.00000000   0.99055033   0.00944967
  25.0000       1023.00000   0.00000000   0.98346051   0.01653949
  30.0000       1023.00000   0.00000000   0.97316963   0.02683037
  40.0000       1023.00000   0.00000000   0.94138237   0.05861763
  50.0000       1023.00000   0.00000000   0.90057869   0.09942131
  60.0000       1023.00000   0.00000000   0.85790735   0.14209265
  70.0000       1023.00000   0.00000000   0.82190008   0.17809992
  80.0000       1023.00000   0.00000000   0.79532834   0.20467166
  90.0000       1023.00000   0.00000000   0.77693079   0.22306921
  100.000       1023.00000   0.00000000   0.76488378   0.23511622
  125.000       1023.00000   0.00000000   0.75084734   0.24915266
  150.000       1023.00000   0.00000000   0.74687230   0.25312770
  175.000       1023.00000   0.00000000   0.74510916   0.25489084
  200.000       1023.00000   0.00000000   0.74392152   0.25607848
  225.000       1023.00000   0.00000000   0.74299074   0.25700926
  250.000       1023.00000   0.00000000   0.74215714   0.25784286
  275.000       1023.00000   0.00000000   0.74142148   0.25857852
  300.000       1023.00000   0.00000000   0.74072453   0.25927547
