#  Simulation  Temperature    Fraction     Fraction     Fraction
#   time [s]       [K]         Liquid      Phase 1      Phase 2
  0.00000        950.00000   1.00000000   0.00000000   0.00000000
 1.000000E-02    927.54513   1.00000000   0.00000000   0.00000000
 2.000000E-02    919.43909   1.00000000   0.00000000   0.00000000
 3.000000E-02    915.40633   1.00000000   0.00000000   0.00000000
 4.000000E-02    912.65348   1.00000000   0.00000000   0.00000000
 5.000000E-02    910.29149   0.99455405   0.00544595   0.00000000
 6.000000E-02    907.71190   0.90012517   0.09987483   0.00000000
 7.000000E-02    905.26922   0.71346980   0.28653020   0.00000000
 8.000000E-02    901.94390   0.59221317   0.40778683   0.00000000
 9.000000E-02    898.43994   0.51488451   0.48511549   0.00000000
 0.100000        894.91351   0.45772337   0.54227663   0.00000000
 0.110000        891.39874   0.41156243   0.58843757   0.00000000
 0.120000        887.90229   0.37351309   0.62648691   0.00000000
 0.130000        884.44670   0.34184660   0.65815340   0.00000000
 0.140000        881.05612   0.31528494   0.68471506   0.00000000
 0.150000        877.71725   0.29265312   0.70734688   0.00000000
 0.160000        874.43832   0.27319125   0.72680875   0.00000000
 0.170000        871.23035   0.25635757   0.74364243   0.00000000
 0.180000        868.07825   0.24158795   0.75841205   0.00000000
 0.190000        864.99200   0.22858356   0.77141644   0.00000000
 0.200000        861.97080   0.21708553   0.78291447   0.00000000
 0.210000        859.00278   0.20679622   0.79320378   0.00000000
 0.220000        856.09972   0.19756405   0.80243595   0.00000000
 0.230000        853.25103   0.18920464   0.81079536   0.00000000
 0.240000        850.46194   0.18162403   0.81837597   0.00000000
 0.250000        847.87951   0.17495121   0.82504879   0.00000000
 0.260000        846.07997   0.17038850   0.82961150   0.00000000
 0.270000        844.25353   0.16602831   0.83397169   0.00000000
 0.280000        842.36480   0.16179803   0.83820197   0.00000000
 0.290000        840.19076   0.15720454   0.84279546   0.00000000
 0.300000        838.41522   0.15350055   0.84649945   0.00000000
 0.310000        836.62591   0.14995467   0.85004533   0.00000000
 0.320000        834.45077   0.14592610   0.85407390   0.00000000
 0.330000        832.67443   0.14263361   0.85736639   0.00000000
 0.340000        830.92979   0.13954522   0.86045478   0.00000000
 0.350000        828.80790   0.13601596   0.86398404   0.00000000
 0.360000        827.07373   0.13313538   0.86686462   0.00000000
 0.370000        825.38699   0.13041708   0.86958292   0.00000000
 0.380000        823.29251   0.12724210   0.87275790   0.00000000
 0.390000        821.65538   0.12474461   0.87525539   0.00000000
 0.400000        819.95392   0.12228192   0.87771808   0.00000000
 0.410000        817.24907   0.11874219   0.88125644   0.00000136
 0.420000        814.77651   0.08571715   0.89829537   0.01598748
 0.430000        812.77050   0.04703050   0.91740174   0.03556775
 0.440000        811.35925   0.02424664   0.92842024   0.04733313
 0.450000        809.81313   0.01487511   0.93300325   0.05212164
 0.460000        808.02951   0.01326360   0.93393223   0.05280417
 0.470000        806.01854   0.01140845   0.93501419   0.05357736
 0.480000        804.32229   0.01038493   0.93560495   0.05401011
 0.490000        802.72272   0.00899036   0.93633105   0.05467860
 0.500000        800.80443   0.00606401   0.93758843   0.05634756
