#  Simulation  Temperature    Fraction     Fraction     Fraction
#   time [s]       [K]         Liquid      Phase 1      Phase 2
  0.00000       1786.00000   1.00000000   0.00000000   0.00000000
 1.000000E-02   1785.99000   0.99999888   0.00000112   0.00000000
  1.00000       1785.00000   0.99858818   0.00141182   0.00000000
  2.50000       1783.50000   0.99384001   0.00615999   0.00000000
  5.00000       1781.00000   0.97784050   0.02215950   0.00000000
  7.50000       1778.50000   0.96134329   0.03865671   0.00000000
  10.0000       1776.00000   0.94117208   0.05882792   0.00000000
  12.5000       1773.50000   0.91389120   0.08610880   0.00000000
  15.0000       1771.00000   0.87274702   0.12725298   0.00000000
  17.5000       1768.50000   0.82625296   0.17374704   0.00000000
  20.0000       1766.00000   0.78250931   0.21749069   0.00000000
  22.5000       1763.50000   0.73940009   0.26059991   0.00000000
  25.0000       1761.00000   0.69524532   0.30475468   0.00000000
  26.0000       1759.99995   0.67709857   0.32290138   0.00000005
  27.0000       1758.99996   0.65781711   0.33506635   0.00711655
  27.5000       1758.50000   0.64730826   0.33613798   0.01655375
  30.0000       1756.00000   0.59427752   0.34975432   0.05596816
  32.5000       1753.50000   0.53959693   0.36445344   0.09594963
  35.0000       1751.62500   0.49976173   0.35931855   0.14091971
  40.0000       1751.65000   0.50981778   0.35285885   0.13732337
  45.0000       1751.62500   0.50810775   0.35835558   0.13353667
  50.0000       1751.62500   0.50895956   0.35865256   0.13238788
