#  Simulation  Temperature    Fraction     Fraction     Fraction
#   time [s]       [K]         Liquid      Phase 1      Phase 2
  0.00000        365.00000   1.00000000   0.00000000   0.00000000
 0.250000        358.75000   1.00000000   0.00000000   0.00000000
 0.500000        353.40108   0.99549460   0.00450540   0.00000000
 0.750000        351.86541   0.97190284   0.02809716   0.00000000
  1.00000        352.21000   0.93892782   0.06107218   0.00000000
  1.25000        352.60472   0.90572639   0.09427361   0.00000000
  1.50000        352.80979   0.87345103   0.12654897   0.00000000
  1.75000        352.70220   0.84273901   0.15726099   0.00000000
  2.00000        352.26568   0.81367162   0.18632838   0.00000000
  2.25000        351.71562   0.78517190   0.21482810   0.00000000
  2.50000        351.13264   0.75683681   0.24316319   0.00000000
  2.75000        350.53604   0.72856980   0.27143020   0.00000000
  3.00000        349.93859   0.70030703   0.29969297   0.00000000
  3.25000        349.34670   0.67201649   0.32798351   0.00000000
  3.50000        349.15144   0.64174281   0.35478563   0.00347155
  3.75000        349.40537   0.60922316   0.37646818   0.01430866
  4.00000        349.34133   0.57829335   0.39700616   0.02470049
  4.25000        349.34205   0.54703973   0.41627207   0.03668820
  4.50000        349.35057   0.51574715   0.43504357   0.04920927
  4.75000        349.41952   0.48415242   0.45289677   0.06295081
  5.00000        349.51362   0.45243192   0.46995261   0.07761547
  5.25000        349.57969   0.42085156   0.48649129   0.09265714
  5.50000        349.46969   0.39015157   0.50276709   0.10708134
  5.75000        349.32154   0.35964228   0.51918473   0.12117299
  6.00000        349.06523   0.32967383   0.53551631   0.13480987
  6.25000        349.29258   0.29728709   0.55038991   0.15232301
  6.50000        349.24942   0.26625289   0.56503001   0.16871710
  6.75000        349.20506   0.23522470   0.58019140   0.18458390
  7.00000        349.31635   0.20341825   0.59613464   0.20044711
  7.25000        349.40214   0.17173932   0.61211244   0.21614823
  7.50000        349.32574   0.14087131   0.62764293   0.23148576
  7.75000        349.34561   0.10952193   0.64283352   0.24764455
  8.00000        349.15090   0.07924552   0.65834623   0.26240825
  8.25000        349.19446   0.04777770   0.67399014   0.27823215
  8.50000        349.03444   0.01732782   0.68911671   0.29355547
  8.75000        346.25000   0.00000000   0.69773027   0.30226973
  9.00000        340.00000   0.00000000   0.69773016   0.30226984
  9.25000        333.75000   0.00000000   0.69773004   0.30226996
  9.50000        327.50000   0.00000000   0.69772992   0.30227008
  9.75000        321.25000   0.00000000   0.69772980   0.30227020
  10.0000        315.00000   0.00000000   0.69772969   0.30227031
