#  Simulation  Temperature    Fraction     Fraction     Fraction
#   time [s]       [K]         Liquid      Phase 1      Phase 2
  0.00000       1023.00000   0.00000000   1.00000000   0.00000000
 0.100000       1023.00000   0.00000000   1.00000000   0.00000000
 0.200000       1023.00000   0.00000000   0.99968303   0.00031697
 0.300000       1023.00000   0.00000000   0.99904993   0.00095007
 0.400000       1023.00000   0.00000000   0.99787770   0.00212230
 0.500000       1023.00000   0.00000000   0.99679799   0.00320201
 0.600000       1023.00000   0.00000000   0.99556819   0.00443181
 0.700000       1023.00000   0.00000000   0.99406676   0.00593324
 0.800000       1023.00000   0.00000000   0.99197158   0.00802842
 0.900000       1023.00000   0.00000000   0.99037356   0.00962644
  1.00000       1023.00000   0.00000000   0.98877637   0.01122363
  1.25000       1023.00000   0.00000000   0.98446418   0.01553582
  1.50000       1023.00000   0.00000000   0.97959124   0.02040876
  1.75000       1023.00000   0.00000000   0.97448170   0.02551830
  2.00000       1023.00000   0.00000000   0.96979070   0.03020930
  3.00000       1023.00000   0.00000000   0.94915967   0.05084033
  4.00000       1023.00000   0.00000000   0.92569368   0.07430632
  5.00000       1023.00000   0.00000000   0.90454725   0.09545275
  7.50000       1023.00000   0.00000000   0.86463058   0.13536942
  10.0000       1023.00000   0.00000000   0.86262421   0.13737579
  15.0000       1023.00000   0.00000000   0.80219440   0.19780560
  20.0000       1023.00000   0.00000000   0.76903887   0.23096113
  25.0000       1023.00000   0.00000000   0.74826411   0.25173589
  30.0000       1023.00000   0.00000000   0.73224607   0.26775393
  35.0000       1023.00000   0.00000000   0.72387952   0.27612048
  40.0000       1023.00000   0.00000000   0.71907312   0.28092688
  45.0000       1023.00000   0.00000000   0.70917414   0.29082586
  50.0000       1023.00000   0.00000000   0.70642560   0.29357439
  60.0000       1023.00000   0.00000000   0.69576487   0.30423513
  70.0000       1023.00000   0.00000000   0.68603085   0.31396915
  80.0000       1023.00000   0.00000000   0.68148900   0.31851100
  90.0000       1023.00000   0.00000000   0.67755776   0.32244224
  100.000       1023.00000   0.00000000   0.67504532   0.32495468
