#  Simulation  Temperature    Fraction     Fraction     Fraction
#   time [s]       [K]         Liquid      Phase 1      Phase 2
  0.00000        845.00000   0.84717340   0.15282660   0.00000000
 5.000000E-03    839.87943   0.84717923   0.15282077   0.00000000
 1.000000E-02    839.68348   0.83153878   0.16846122   0.00000000
 1.500000E-02    839.49995   0.81583034   0.18416966   0.00000000
 2.000000E-02    839.29790   0.80014315   0.19985685   0.00000000
 4.000000E-02    838.74230   0.73645809   0.26354191   0.00000000
 6.000000E-02    838.68163   0.67121365   0.32878635   0.00000000
 8.000000E-02    838.34625   0.60636012   0.39337408   0.00026580
 0.100000        838.31135   0.54199047   0.45114239   0.00686715
 0.120000        838.41714   0.47764767   0.50368821   0.01866412
 0.140000        838.50876   0.41297064   0.55909548   0.02793388
 0.160000        838.47663   0.34866033   0.61510546   0.03623422
 0.180000        838.48477   0.28432976   0.67055956   0.04511068
 0.200000        838.49997   0.21990439   0.72620389   0.05389173
 0.220000        838.46611   0.15550380   0.78278333   0.06171286
 0.240000        838.42202   0.09121443   0.83920254   0.06958302
 0.260000        838.39290   0.02684345   0.89536890   0.07778765
 0.280000        826.93437   0.00000000   0.91973187   0.08026813
 0.300000        807.18026   0.00000000   0.91971402   0.08028598
 0.320000        787.22462   0.00000000   0.91967822   0.08032178
 0.340000        767.07303   0.00000000   0.91962409   0.08037591
 0.360000        746.73330   0.00000000   0.91955108   0.08044892
 0.380000        726.21306   0.00000000   0.91945840   0.08054160
 0.400000        705.52233   0.00000000   0.91934557   0.08065443
 0.420000        684.67096   0.00000000   0.91921155   0.08078845
 0.440000        663.66312   0.00000000   0.91905539   0.08094461
 0.460000        642.49736   0.00000000   0.91887564   0.08112436
 0.480000        621.17249   0.00000000   0.91867129   0.08132871
 0.500000        599.68589   0.00000000   0.91843994   0.08156006
 0.520000        578.03656   0.00000000   0.91818101   0.08181899
 0.540000        556.22336   0.00000000   0.91789118   0.08210882
 0.550000        545.25277   0.00000000   0.91773401   0.08226599
