#  Simulation  Temperature    Fraction     Fraction     Fraction
#   time [s]       [K]         Liquid      Phase 1      Phase 2
  0.00000       1763.75000   1.00000000   0.00000000   0.00000000
  1.00000       1763.55000   0.99996062   0.00003938   0.00000000
  2.00000       1763.35000   0.99989905   0.00010095   0.00000000
  3.00000       1763.15000   0.99982448   0.00017552   0.00000000
  4.00000       1762.95000   0.99973756   0.00026244   0.00000000
  5.00000       1762.75000   0.99963746   0.00036254   0.00000000
  6.00000       1762.55000   0.99952335   0.00047665   0.00000000
  7.00000       1762.35000   0.99939501   0.00060499   0.00000000
  8.00000       1762.15000   0.99925104   0.00074896   0.00000000
  9.00000       1761.95000   0.99909066   0.00090934   0.00000000
  10.0000       1761.75000   0.99891263   0.00108737   0.00000000
  20.0000       1759.75000   0.99578181   0.00421819   0.00000000
  30.0000       1757.75000   0.98822908   0.01177092   0.00000000
  40.0000       1755.75000   0.97106246   0.02893754   0.00000000
  50.0000       1753.75000   0.93394978   0.06605022   0.00000000
  60.0000       1751.75000   0.86471356   0.13528644   0.00000000
  70.0000       1749.75000   0.79546239   0.20453761   0.00000000
  80.0000       1747.75000   0.66275863   0.33724137   0.00000000
  90.0000       1745.75000   0.62891879   0.37108121   0.00000000
  100.000       1743.75000   0.60293377   0.39706623   0.00000000
  110.000       1741.75000   0.57906710   0.42093290   0.00000000
  120.000       1739.75000   0.55675238   0.44324762   0.00000000
  130.000       1737.75000   0.53580242   0.46419758   0.00000000
  140.000       1735.75000   0.51609012   0.48390988   0.00000000
  142.000       1735.35000   0.51229106   0.48770894   0.00000000
  144.000       1734.95000   0.50848377   0.49125624   0.00025998
  146.000       1734.55000   0.50051600   0.48131263   0.01817137
  148.000       1734.15000   0.48846173   0.45412894   0.05740933
  150.000       1733.75000   0.47353217   0.41360679   0.11286104
  152.000       1733.35000   0.45592525   0.36169400   0.18238075
  154.000       1732.95000   0.43609260   0.29878171   0.26512569
  156.000       1732.55000   0.41130078   0.21266958   0.37602965
  158.000       1732.15000   0.38379842   0.11726472   0.49893686
  160.000       1731.75000   0.35989513   0.05611074   0.58399413
  170.000       1729.75000   0.31104986   0.00000000   0.68895013
  180.000       1727.75000   0.29038738   0.00000000   0.70961262
  190.000       1725.75000   0.27158732   0.00000000   0.72841268
  200.000       1723.75000   0.25398347   0.00000000   0.74601653
  250.000       1713.75000   0.17936716   0.00000000   0.82063284
  300.000       1703.75000   0.12207293   0.00000000   0.87792707
  350.000       1693.75000   0.07817498   0.00000000   0.92182502
  400.000       1683.75000   0.04559647   0.00000000   0.95440353
  450.000       1673.75000   0.02325466   0.00000000   0.97674534
  500.000       1663.75000   0.01056403   0.00000000   0.98943597
  550.000       1653.75000   0.00471565   0.00000000   0.99528435
  600.000       1643.75000   0.00216758   0.00000000   0.99783242
  700.000       1623.75000   0.00039495   0.00000000   0.99960505
  800.000       1603.75000   0.00001041   0.00000000   0.99998959
  900.000       1583.75000   0.00000000   0.00000000   1.00000000
  1000.00       1563.75000   0.00000000   0.00000000   1.00000000
  1100.00       1543.75000   0.00000000   0.00000000   1.00000000
  1200.00       1523.75000   0.00000000   0.00000000   1.00000000
  1300.00       1503.75000   0.00000000   0.00000000   1.00000000
  1400.00       1483.75000   0.00000000   0.00000000   1.00000000
  1500.00       1463.75000   0.00000000   0.00000000   1.00000000
  1600.00       1443.75000   0.00000000   0.00000000   1.00000000
  1700.00       1423.75000   0.00000000   0.00000000   1.00000000
  1800.00       1403.75000   0.00000000   0.00000000   1.00000000
  1900.00       1383.75000   0.00000000   0.00000000   1.00000000
  2000.00       1363.75000   0.00000000   0.00000000   1.00000000
  2100.00       1343.75000   0.00000000   0.00000000   1.00000000
  2200.00       1323.75000   0.00000000   0.00000000   1.00000000
  2300.00       1303.75000   0.00000000   0.00000000   1.00000000
  2400.00       1283.75000   0.00000000   0.00000000   1.00000000
  2500.00       1263.75000   0.00000000   0.00000000   1.00000000
  2600.00       1243.75000   0.00000000   0.00000000   1.00000000
  2700.00       1223.75000   0.00000000   0.00000000   1.00000000
  2800.00       1203.75000   0.00000000   0.00000000   1.00000000
  2900.00       1183.75000   0.00000000   0.00000000   1.00000000
  3000.00       1163.75000   0.00000000   0.00000000   1.00000000
