#  Simulation  Temperature    Fraction     Fraction     Fraction
#   time [s]       [K]         Liquid      Phase 1      Phase 2
  0.00000       1023.00000   0.00000000   1.00000000   0.00000000
  1.00000       1023.00000   0.00000000   1.00000000   0.00000000
  2.00000       1023.00000   0.00000000   0.99849697   0.00150303
  3.00000       1023.00000   0.00000000   0.99547012   0.00452988
  4.00000       1023.00000   0.00000000   0.98860389   0.01139611
  5.00000       1023.00000   0.00000000   0.97541853   0.02458147
  6.00000       1023.00000   0.00000000   0.95368486   0.04631514
  8.00000       1023.00000   0.00000000   0.88296305   0.11703695
  10.0000       1023.00000   0.00000000   0.78049113   0.21950887
  15.0000       1023.00000   0.00000000   0.47753960   0.52246040
  20.0000       1023.00000   0.00000000   0.32484481   0.67515519
  25.0000       1023.00000   0.00000000   0.29490969   0.70509031
  30.0000       1023.00000   0.00000000   0.29106780   0.70893220
  40.0000       1023.00000   0.00000000   0.29068628   0.70931372
  50.0000       1023.00000   0.00000000   0.29074531   0.70925468
  60.0000       1023.00000   0.00000000   0.29072339   0.70927661
  70.0000       1023.00000   0.00000000   0.29081589   0.70918411
  80.0000       1023.00000   0.00000000   0.29081612   0.70918387
  90.0000       1023.00000   0.00000000   0.29080995   0.70919005
  100.000       1023.00000   0.00000000   0.29081359   0.70918641
  125.000       1023.00000   0.00000000   0.29080387   0.70919612
  150.000       1023.00000   0.00000000   0.29078541   0.70921459
  175.000       1023.00000   0.00000000   0.29077920   0.70922080
  200.000       1023.00000   0.00000000   0.29077822   0.70922178
  225.000       1023.00000   0.00000000   0.29081760   0.70918240
  250.000       1023.00000   0.00000000   0.29078391   0.70921609
  275.000       1023.00000   0.00000000   0.29077304   0.70922696
  300.000       1023.00000   0.00000000   0.29067924   0.70932076
