#  Simulation  Temperature    Fraction     Fraction     Fraction
#   time [s]       [K]         Liquid      Phase 1      Phase 2
  0.00000       1429.00000   0.99286294   0.00000000   0.00713706
  1.00020       1429.00000   0.99191602   0.00075272   0.00733126
  2.00099       1429.00000   0.98543609   0.00699223   0.00757168
  3.00048       1429.00000   0.97342817   0.01871286   0.00785897
  4.00132       1429.00000   0.96011288   0.03173146   0.00815567
  5.00000       1429.00000   0.94991159   0.04167312   0.00841528
  6.00071       1429.00000   0.94226406   0.04909888   0.00863705
  7.00022       1429.00000   0.93710716   0.05407220   0.00882064
  8.00087       1429.00000   0.93359360   0.05743386   0.00897254
  9.00192       1429.00000   0.93116930   0.05973828   0.00909241
  10.0000       1429.00000   0.92943742   0.06137715   0.00918543
  11.0026       1429.00000   0.92805064   0.06267977   0.00926959
  12.0065       1429.00000   0.92681247   0.06383839   0.00934914
  13.0043       1429.00000   0.92563648   0.06493701   0.00942651
  13.9999       1429.00000   0.92449520   0.06600248   0.00950232
  15.0000       1429.00000   0.92336876   0.06705399   0.00957725
  16.0033       1429.00000   0.92225209   0.06809589   0.00965202
  17.0086       1429.00000   0.92114470   0.06912910   0.00972621
  18.0041       1429.00000   0.92005560   0.07014518   0.00979922
  19.0078       1429.00000   0.91896290   0.07116461   0.00987250
  20.0000       1429.00000   0.91788630   0.07216909   0.00994461
  21.0027       1429.00000   0.91679566   0.07318676   0.01001758
  22.0054       1429.00000   0.91571033   0.07419930   0.01009036
  23.0083       1429.00000   0.91462462   0.07521219   0.01016318
  24.0021       1429.00000   0.91354802   0.07621655   0.01023543
  25.0000       1429.00000   0.91246448   0.07722759   0.01030793
  26.0036       1429.00000   0.91137541   0.07824317   0.01038142
  27.0077       1429.00000   0.91028025   0.07926477   0.01045499
  28.0029       1429.00000   0.90919244   0.08027947   0.01052809
  29.0073       1429.00000   0.90808714   0.08131054   0.01060233
  30.0000       1429.00000   0.90699049   0.08233351   0.01067600
  31.0035       1429.00000   0.90587444   0.08337449   0.01075107
  32.0069       1429.00000   0.90475296   0.08442054   0.01082649
  33.0090       1429.00000   0.90362371   0.08547389   0.01090240
  34.0021       1429.00000   0.90249763   0.08652419   0.01097818
  35.0000       1429.00000   0.90135849   0.08758686   0.01105466
  36.0024       1429.00000   0.90020289   0.08866468   0.01113243
  37.0052       1429.00000   0.89903860   0.08975070   0.01121070
  38.0087       1429.00000   0.89786503   0.09084528   0.01128969
  39.0039       1429.00000   0.89669040   0.09194084   0.01136876
  40.0000       1429.00000   0.89550403   0.09304771   0.01144826
  41.0042       1429.00000   0.89429746   0.09417264   0.01152990
  42.0071       1429.00000   0.89308251   0.09530590   0.01161159
  43.0008       1429.00000   0.89187206   0.09643488   0.01169307
  44.0035       1429.00000   0.89064076   0.09758331   0.01177593
  45.0000       1429.00000   0.88940560   0.09873561   0.01185878
  46.0078       1429.00000   0.88814590   0.09991045   0.01194365
  47.0017       1429.00000   0.88689358   0.10107846   0.01202797
  48.0019       1429.00000   0.88562075   0.10226575   0.01211349
  49.0049       1429.00000   0.88433350   0.10346652   0.01219998
  50.0000       1429.00000   0.88304846   0.10466547   0.01228607
